0.00000000
0.00000996
-0.00759446
-0.00080256
0.03004794
0.00611464
-0.06580077
-0.02294580
0.11047105
0.06026488
-0.15467750
-0.12622418
0.18224216
0.22340060
-0.17042567
-0.34238096
0.09434908
0.45566530
0.06266662
-0.51608668
-0.29341204
0.46553085
0.55099939
-0.25838392
-0.74408603
-0.10269647
0.75721268
0.53367799
-0.50395276
-0.86651804
-0.00000000
0.90494859
0.58636822
-0.53966907
-0.96618348
-0.13027785
0.87630668
0.77356964
-0.28862770
-0.99083605
-0.49720771
0.57845462
0.96997325
0.24943465
-0.74017947
-0.89795701
-0.08078568
0.80640390
0.83291586
0.00493258
-0.80801270
-0.80206142
-0.01912293
0.75929424
0.80612466
0.11473068
-0.65595585
-0.82330125
-0.27627639
0.48208890
0.81174490
0.47178128
-0.22592460
-0.71656513
-0.64152320
-0.09575849
0.49078048
0.69878537
0.41274199
-0.13488185
-0.56064544
-0.59961421
-0.26026205
0.21539193
0.52962986
0.51366061
0.20823733
-0.18841681
-0.45241353
-0.45852017
-0.23131748
0.09004116
0.33890665
0.40636924
0.28337892
0.04837176
-0.18266793
-0.31324323
-0.30378571
-0.17763592
0.00000000
0.15543535
0.23609409
0.22569097
0.14266784
0.02650855
-0.08015512
-0.14630195
-0.15987856
-0.12720814
-0.06673703
-0.00063363
0.05255174
0.08221654
0.08657591
0.07080419
0.04377088
0.01470332
-0.00927829
-0.02434468
-0.02993254
-0.02788889
-0.02126551
-0.01318398
-0.00603929
-0.00113777
0.00127525
0.00172607
0.00111363
0.00033196
0.00000000
